Date,Asset 1,Asset 2,Asset 3
2021-10-09,-0.007611451029950234,0.0057997394071606255,-0.0042071193660684425
2021-10-10,-0.034695847757942586,0.01016774787493941,-0.0046893307605664295
2021-10-11,0.029650599863473903,-0.016109902901082926,-0.0031722751121579435
2021-10-12,-0.011254465157637969,-0.007288964071349936,0.019326497389705138
2021-10-13,0.027075216119472664,-0.018529415104919542,0.011482413365233193
2021-10-14,-0.00866910728675657,-0.014055085880567345,0.01216034421294257
2021-10-15,-0.010493845685769079,0.009917505185049398,-0.014578241716443754
2021-10-16,-0.0007564168590935466,-0.0003211604755916183,0.00791539515029339
2021-10-17,0.012152855005409777,0.0048869767909163675,0.018209545353305465
2021-10-18,-0.0027051572158463292,0.0016914233735131057,-0.029767995088728988
2021-10-19,-0.021502034922454956,-0.0016171403444892854,-0.00937257673359056
2021-10-20,0.006140009376459278,-0.011134032605469616,0.01624016799613317
2021-10-21,-0.0026836967883398016,0.0005963033138892817,-0.0432494592854311
2021-10-22,0.0018802506459424265,-0.02269772485284423,0.003165105122649533
2021-10-23,0.020654958894990263,0.015321815456777868,0.0018096515667400843
2021-10-24,0.0032668190168333227,-0.006306852310417178,0.0030180343235538397
2021-10-25,-0.01459240459045235,-0.0086527048736781,0.016677399095967337
2021-10-26,-0.005623269093842288,0.0002894002341388702,-0.015407347090591359
2021-10-27,0.0036338510945083465,0.007828140778520313,0.007125800399505639
2021-10-28,0.0036051793171388334,-0.011107514365970786,-0.011258813874903548
2021-10-29,-0.012451224894651263,-0.009000359094875435,-0.0041101665901447535
2021-10-30,0.030301891701858943,-0.005088567840361097,0.039863924032828214
2021-10-31,0.0008458503365876268,0.010915233267292428,-0.016500825339233888
2021-11-01,-0.0016192704589575245,0.0030190897105444587,0.0004962763667446501
2021-11-02,0.009364919382934888,-7.938663723022046e-05,0.008479458720879431
2021-11-03,-0.019921815419179926,-0.002197422695195475,-0.014121722768693236
2021-11-04,0.004794410594897135,-0.01577858266449366,0.012085942663025767
2021-11-05,0.003024450775638429,0.009476910562508994,0.01138774671752152
2021-11-06,0.008597990781124944,-0.009697241490210482,0.009111904224689339
2021-11-07,-0.011252118358752224,0.014650868946133112,-0.023765412899654004
2021-11-08,0.00841038525558312,-0.015373301672633722,-0.02037413852153705
2021-11-09,-0.021603874304083108,0.0067630814714648236,-0.04182273860193574
2021-11-10,-0.0006793561147641497,0.010650758341511843,-0.024979182105324776
2021-11-11,-0.004145269842532157,-0.012166066473691204,0.018076330129196017
2021-11-12,0.0026032647762868543,-0.01429167565218227,0.007527218320270197
2021-11-13,0.006049756881254886,-0.0026704523769511945,-0.019590592267566834
2021-11-14,0.007229270294359926,-0.012893966482573911,0.008537818720693197
2021-11-15,-0.008139914218258269,-0.010604412039374426,-0.04446326406680304
2021-11-16,-0.0016726415717487422,-0.027188484111059653,0.0019569864610735157
2021-11-17,-0.014142821024827267,-0.011819274979790602,-0.004498163557472214
2021-11-18,-0.015776791242597985,0.00802687202653365,0.004593279207915814
2021-11-19,0.015030578227326737,-0.0029465813028244463,-0.0014801493109960163
2021-11-20,0.00671495827969343,0.008355548824232934,-0.012208897171557168
2021-11-21,-0.002851805404472499,0.01708801018469111,0.012218635664704195
2021-11-22,-0.002178967883972227,-0.0028418349610208754,0.00809372228312729
2021-11-23,-0.021115325136610102,0.017057468949909442,-0.0185812436514509
2021-11-24,0.010461862010704474,0.006439849384623985,-0.0035436236638657875
2021-11-25,0.01872278649185604,0.0011282932194932452,0.016396528532471182
2021-11-26,-0.014364683966950356,0.011994120633723347,-0.012933371875232254
2021-11-27,-0.018709730535456597,0.014334954416158856,0.03854028054227683
2021-11-28,-0.0019446889616547586,0.017384172783565736,0.03584267240579897
2021-11-29,-0.0035499463311131256,0.0008122622834390578,-0.010924119346876463
2021-11-30,-0.002278083611287721,-0.01273036116610405,-0.03288190087184641
2021-12-01,0.011753173833723875,-0.02049509887780288,-0.03186006825150714
2021-12-02,0.011139882437906623,-7.92232189308301e-05,0.01992202816573939
2021-12-03,-0.014874917402295296,-0.014586369187013812,0.03762347902538249
2021-12-04,-0.01181294203234068,0.010376234026329915,0.017287276630357208
2021-12-05,0.013585121428904447,-0.014565981111861729,0.030177326414245056
2021-12-06,-0.017697098677226058,-0.002975967400422318,0.0016059553448295955
2021-12-07,-0.0027616845529509584,-0.01042133381529791,0.037417239892042216
2021-12-08,-0.02604076430672388,-0.015073510394180619,-0.015306877175555464
2021-12-09,-0.025908080264563708,0.009823420755342123,0.004871051503735053
2021-12-10,-0.006911139780968814,-0.0017689156321325909,-0.026877969117437766
2021-12-11,-0.02240557790160576,0.006808463350875375,0.0006881342343801969
2021-12-12,-0.013536206476373063,0.0005491536207661659,0.016296648154364785
2021-12-13,-0.02117390835849317,0.018581082085163677,-0.050762011132252864
2021-12-14,-0.004849760679035906,0.0005811773618155146,0.004030752880931243
2021-12-15,0.0002997401444656508,0.003781781022629003,0.01497049115644661
2021-12-16,-0.01599171144711696,-0.0037951882994546886,-0.0001832530101847775
2021-12-17,-0.027950261915863406,-0.0126000469321018,-0.04203620027771392
2021-12-18,-0.005986429479117354,-0.007196140989979991,0.020320327424350332
2021-12-19,-0.018254540128898905,-0.016410680172395616,-0.023904180760260005
2021-12-20,-0.03185085994570311,-0.012310872570380434,-0.03676751362464136
2021-12-21,-0.0029880035165366038,0.0019799763943584353,0.0054281126850872575
2021-12-22,0.009099126557334974,0.0013971951500369284,-0.010485934888399747
2021-12-23,0.00027110683529043775,-0.012749523318695544,0.017012178538464765
2021-12-24,-0.0078730131127001,-0.001270149726055662,0.0012300405029879763
2021-12-25,0.002217008382352812,-0.009658214062343962,-0.0037393640331763378
2021-12-26,0.02086689886772248,-0.008026891482716904,-0.012095099009761832
2021-12-27,-0.008781413359388264,-0.014788888300241202,0.02052790446855948
2021-12-28,0.010613354132493218,0.0011281190767583576,-0.022274351747630733
2021-12-29,0.0007003010087985915,0.0052644186716974154,0.009816357181791403
2021-12-30,-0.0058593765560430305,0.021830145148124255,-0.003164338171101175
2021-12-31,-0.01911369626133997,-0.01833324030044118,0.022038696970713773
2022-01-01,-0.0056600133334108425,-0.002521559783693103,0.004900961209721898
2022-01-02,0.014742152524354605,-0.0017188105920870487,0.008009749318389449
2022-01-03,-0.021716655604329414,-0.01686126034234151,0.008718429605216085
2022-01-04,0.006487394839187028,-0.007624200216796811,0.00742843068414769
2022-01-05,-0.023623096425925215,0.0017544027861300536,0.01599091050676346
2022-01-06,-0.030619371924064078,0.005508338391501562,-0.033832980831101186
2022-01-07,-0.003583980322585833,-0.00037348733529805406,0.002639746040275109
2022-01-08,0.01977736276803987,-0.02149370889438969,-0.013411550996562698
2022-01-09,0.011735984448350894,0.012396448773978871,0.03873909201455097
2022-01-10,0.004932890426528274,-0.016364123340472613,-0.008623115817860722
2022-01-11,0.025535808202718634,-0.009269648862426691,-0.008637059661986812
2022-01-12,0.0004624592788851801,-0.0007016875660113544,-0.028166759212444416
2022-01-13,0.011667291813998825,-0.011095179592523794,-0.0035778673803196622
2022-01-14,-0.007006537431541173,0.005728935021766975,-0.0021514442424571388
2022-01-15,0.010008918981440993,0.006049359428607077,-0.03518726348696424
2022-01-16,-0.02283046570313726,0.007194476688068267,0.016137140089302032
2022-01-17,-0.011774695811600917,-0.00519938569800975,0.026242581153102917
2022-01-18,-0.007738459568444003,-0.010262091476114349,-0.018574906429577886
2022-01-19,-0.008884238983664711,0.0029539204264345752,-0.010553059417399908
2022-01-20,0.007799402496913114,-0.007371343697214282,-0.01708633139152799
2022-01-21,-0.011093843463607696,0.012215762561671901,0.029316783284287634
2022-01-22,-5.403152936991143e-05,0.014064080716036103,-8.601858011779399e-05
2022-01-23,-0.003249228251335713,-0.0056124197361436794,0.02685143545296988
2022-01-24,0.0050784052418138105,-0.003731648199654149,-0.028248115964000297
2022-01-25,-0.0008081024471940598,-0.01811460295283717,0.006667624223919069
2022-01-26,-0.016513051916695342,0.0013522381975133206,0.013941427233082842
2022-01-27,0.003888286997314127,0.0005354486499699506,-0.0006411932976953645
2022-01-28,-0.0134910506922215,0.008489343503040923,-0.013852380862722998
2022-01-29,0.007478278999775275,0.0038719162546984806,-0.007322278176610331
2022-01-30,-0.0017196577886169882,-0.0032825972167067016,-0.008782245065592912
2022-01-31,-0.0017005460609664416,-0.01278353169583632,-0.012762152924499184
2022-02-01,0.026289634766002833,-0.015989277080919774,0.002185594318552494
2022-02-02,0.01712715462073786,-0.01100300147594256,-0.005863535416655319
2022-02-03,-0.008906494420858932,-0.008821281813921373,-0.003339095205417671
2022-02-04,0.023327527320739037,-0.011772762596493892,0.011782168374687325
2022-02-05,-0.008048418947554566,0.008395207084450712,0.0027491416862614904
2022-02-06,0.005666457785477258,0.004204736728271678,0.021468832647963305
2022-02-07,-0.020636818005398627,0.011170568197073205,-0.016340350637637887
2022-02-08,-0.005988574709045976,-0.0046557271240519485,-0.001378533658149797
2022-02-09,-0.010233436752137283,-0.011534956641286577,-0.011780861812939521
2022-02-10,0.02670682809777995,-0.004218933331212434,-0.008446960665941305
2022-02-11,0.001996348590609139,0.01326683105998412,-0.005797822758980439
2022-02-12,-0.01145853899103234,0.0024997818290517183,0.0314067046025798
2022-02-13,-0.0023771482408008063,-0.008728528156177775,-0.001828020227965729
2022-02-14,0.03004940499094424,-0.005858895076894102,-0.0016134905900526259
2022-02-15,0.025731056466606114,-0.009261912545326514,-0.032674994689004526
2022-02-16,0.021751718615878247,0.0029979471189860497,-0.0003084862839741736
2022-02-17,-0.007392529011239333,-0.007888965434927866,0.015447665281878275
2022-02-18,-0.01611341623025859,0.002794063537513469,0.0029991228914373574
2022-02-19,0.01263516807684331,0.007805267686608988,0.01237462598176814
2022-02-20,-0.015840862177628444,0.0026501033884676318,-0.021539086188509315
2022-02-21,-0.0002623446440011128,0.010812216030208226,-0.0060555960056007194
2022-02-22,-0.024228520329553378,0.0014920642477039203,0.043574966058478
2022-02-23,-0.01388431508595587,-0.010586101855334056,-0.018937224513337056
2022-02-24,-0.014587282793084006,0.00774100891058265,-0.011121286979749352
2022-02-25,0.003671643268147843,-0.017857076387977067,-0.018299604072885934
2022-02-26,-0.014632561828020923,-0.003665102856105587,0.003266209407451967
2022-02-27,0.018279761955208713,-0.025969624520907994,0.007908547219550071
2022-02-28,-0.010517823661292763,-0.009307499680272467,0.001540282713224271
2022-03-01,0.01622030049769374,0.0031376657670020014,0.0005419762831897075
2022-03-02,0.005571400708310562,-0.009821402183792748,0.03423814156203014
2022-03-03,0.00913454656434506,-0.0023212697348113675,0.017383277467978492
2022-03-04,-0.01784417823309235,-0.008447381018044887,-0.0011166484126223781
2022-03-05,0.01168007521133772,-0.017798762579859337,-0.027285017107360518
2022-03-06,0.009629600712087015,-0.006433979852060309,-0.025656639134816125
2022-03-07,-0.001549057420032713,-0.012507454054432996,-0.015815302667978107
2022-03-08,0.009590193017233505,0.013194862384551758,-0.009229697855043214
2022-03-09,-0.009730616914275562,-0.0019154508408692826,0.0034916381175689893
2022-03-10,-0.02048418443951039,-0.0015138762062864627,-0.0021141163186005614
2022-03-11,0.00716955200866396,-0.005525720588782066,-0.028361354883739413
2022-03-12,-0.005271595524885024,-0.001215181171690662,-0.0010104395711738956
2022-03-13,-0.010528231195837564,-0.006595096184225511,0.02979964754040757
2022-03-14,-0.014668403386409616,0.0058145736665246184,0.016841728826905388
2022-03-15,-0.013856941458830381,-0.0027805997761369355,-0.0027016837507588894
2022-03-16,-0.008078401117514442,0.007144455817077402,-0.01919078130469696
2022-03-17,-0.020385952692514378,-0.0033384969899411337,-0.019182692094299503
2022-03-18,-0.014142752631675673,-0.0032389429028684964,-0.033093889508255446
2022-03-19,0.014863301708311261,-0.0010943281715623681,0.026127035011601463
2022-03-20,-0.015217303871362359,-0.007010368484757022,0.023549419055323973
2022-03-21,0.008047129820913457,0.0063393400702338575,0.007378708081521883
2022-03-22,-0.02439615508766426,-0.009229105130661365,0.013850426813639783
2022-03-23,0.007653807130987901,-0.0005403576326018645,-0.01994645439640727
2022-03-24,0.020761607113871237,-0.007442105283937846,0.02962513418854379
2022-03-25,0.020919866893924225,0.004955068981596467,0.03784147369434134
2022-03-26,-0.012344813867318153,-0.02181667086921636,0.03774691051003644
2022-03-27,-0.0005738764403699266,-8.432131956443188e-05,0.03436976404044721
2022-03-28,0.0153091743422493,0.006658815595161215,-0.00820141428880931
2022-03-29,0.02238690508101902,0.001385516289850591,0.0012293302764435584
2022-03-30,-0.00791791904495631,-0.01289542652154021,0.019829543705959626
2022-03-31,0.030971096768170208,-0.007075967071373687,-0.03182841349631526
2022-04-01,0.012789049021894304,0.013393182690782766,-0.026847592657209707
2022-04-02,-0.0014103907307794364,0.005650283309106587,0.013994708572040838
2022-04-03,-0.019600593407787054,-0.008164341183401353,-0.018471346039447268
2022-04-04,0.005625872493060578,0.0008914454214480679,-0.03077334214578493
2022-04-05,0.007834299497589339,0.024245656243638024,0.009447293455583984
2022-04-06,0.0038868996270685,0.00920643506796075,-0.0007196222790173417
2022-04-07,0.020262793347118942,-0.01075719527334966,-0.03206520467415288
2022-04-08,-0.01320989268572202,0.012436703905267337,-0.004890644569472356
2022-04-09,-0.011007467103479806,0.01728940876806178,-0.0002189493835259577
2022-04-10,0.023495765269957277,0.010509603971223469,0.01821771191651744
2022-04-11,-0.0007616991544940492,0.012204455535888774,0.02563391056453236
2022-04-12,0.005028651977593139,0.009684536471023077,-0.008615226343404116
2022-04-13,-0.003459505849692289,-0.01381043338905035,-0.0137660247970281
2022-04-14,-0.0060283888543663355,0.006725181939261379,-0.00827933334831114
2022-04-15,-0.00774796820589084,0.0022086071204450697,0.008974989876582058
2022-04-16,-0.007408944383758036,0.0019303687982758042,-0.004281841428023851
2022-04-17,-0.009259241634714288,0.0033355500493606315,-0.015474595439961294
2022-04-18,0.010565481177599501,2.4146088375329138e-05,0.03011687735615472
2022-04-19,0.00442031828446708,0.0023185634413899698,0.0011227231740141188
2022-04-20,-0.011759052599732377,-0.011205511205477633,0.009320173111417836
2022-04-21,-0.004067360919563308,0.013672791796391963,0.013802685166626852
2022-04-22,0.007614904231694618,0.006394789824698575,-0.006741624075532363
2022-04-23,-0.0006670346176763157,0.005185441499108819,-0.005947760735055013
2022-04-24,0.011988399801033266,0.012804854843998726,0.011112977893817086
2022-04-25,-0.005339044820166387,-0.01573679746345642,0.004771075969612456
2022-04-26,-0.03377796115037964,0.007803409563646199,0.011025530830980736
2022-04-27,0.012010994694152777,-0.00868695576825612,-0.005289940314027725
2022-04-28,0.011442196864511959,-0.0012276038045954557,0.025724183983876353
2022-04-29,-0.006933893966634649,-0.009117186620320388,0.03048479831775037
2022-04-30,-0.019772444202891922,-0.008953779383321793,0.014851762583769948
2022-05-01,0.007609229699363015,-0.011517672576179179,0.021249763575991776
2022-05-02,-0.012532532683075338,-0.015529394758043416,0.02233145883214795
2022-05-03,0.01661581639900039,0.007109377808729365,-0.004546109692571543
2022-05-04,0.0037076321452858985,-0.008007404140977682,0.013803860355794393
2022-05-05,-0.014180913847526283,-0.0009397132819885203,0.015464966589981172
2022-05-06,-0.020318401495551672,-2.829848353687097e-05,-0.02314616137914511
2022-05-07,0.012199461056045639,0.00036020476093630413,0.02760032243101035
2022-05-08,0.013053234502486221,-0.007837743893520129,-0.03279958484539038
2022-05-09,0.00753501277849962,-0.0020629049027046384,0.013715686466156982
2022-05-10,-0.027699116882191874,-0.007097508014711221,-0.049866401535386184
2022-05-11,0.005821694814221825,3.2864198815844656e-05,-0.033086495072591024
2022-05-12,0.016625953240749912,-0.004155358070628431,0.015985126428228653
2022-05-13,0.013632431958647571,0.004668651760119147,-0.010652660253708448
2022-05-14,-0.004013569382458754,-0.0081979587662209,-0.015823199502907365
2022-05-15,0.02581226390989194,-0.005484395026410528,0.012195183323257957
2022-05-16,-0.016459893815200934,-0.0024117787408765145,0.033671331590384844
2022-05-17,-0.018486882296873005,0.014739310379710937,0.03676216635787717
2022-05-18,-0.00954681132090665,0.005617251640489703,0.021297433697760656
2022-05-19,-0.025428726512960128,0.011036374533331615,0.01700036142515218
2022-05-20,-0.02798649204671248,0.00019626833204030542,-0.04758453396198564
2022-05-21,0.007579990477845952,-0.016331169094113692,-0.027786960260961013
2022-05-22,-0.022093911892639432,0.015852477242975723,-0.027087141768163795
2022-05-23,-0.033258121917960404,-0.00032789587714195914,0.003151748838091889
2022-05-24,-0.002018901562171772,-0.0028194947371206636,0.03417525096128779
2022-05-25,-0.0009063674516700845,0.0013388859056803596,-0.014764154273562376
2022-05-26,-0.0015275863623251608,-0.0029008704206558078,0.018871326853586782
2022-05-27,-0.013121700731021658,0.009609713609295464,-0.01737850827644374
2022-05-28,-0.019560232135137037,-0.00705261839554768,0.032566623372743686
2022-05-29,0.010162462961424904,0.013842273125664042,0.005641003793529407
2022-05-30,0.008002804119029679,-0.007767639510548814,0.017782971666810837
2022-05-31,0.01013691851115111,0.005970599319796139,-0.004314728224182779
2022-06-01,0.032191954843253406,5.4573698343514785e-05,0.012284476491391865
2022-06-02,-0.0037480011418462317,0.001875591305125799,0.0006563398979662407
2022-06-03,0.020823996747700108,0.013353000052005471,-0.011585868685433638
2022-06-04,0.01923118224958928,0.016490960797798847,-0.03581025557244941
2022-06-05,-0.009333498794188134,0.005993820449479261,-0.01632763993688132
2022-06-06,0.005351477230836026,0.018508300724983086,-0.015305005605214743
2022-06-07,0.022673961338077635,-0.01145255820784376,0.002476687585801497
2022-06-08,-0.010885658464727676,0.007218435241634178,0.03731368268281076
2022-06-09,-0.01937260779973727,-0.02825995167107065,-0.028000948793210002
2022-06-10,-0.012812904339493983,-0.0011763631886230913,-0.014942990447157346
2022-06-11,-0.03385750378075525,-0.004572966324794315,0.00972745726986007
2022-06-12,0.004055204682344633,0.006143681798239589,-0.0010196364133132508
2022-06-13,0.008050647010923262,0.017122734232867812,0.004149450620191491
2022-06-14,-0.0005343522841773389,0.012148977034024603,-0.01751770417847522
2022-06-15,-0.017987516407584097,0.009040462848743,0.020425446103730267
2022-06-16,-0.039457664781165164,-0.00789527162974667,-0.02486698265934009
2022-06-17,-0.005639691721206349,0.007223165022940243,0.02081799660094782
2022-06-18,0.008520400420172533,0.00641252090151589,0.003192128435864165
2022-06-19,0.01077508828589675,-0.007462539017588765,0.017195769022144397
2022-06-20,-0.004346626778789863,-0.011279847438958428,0.01946031642981227
2022-06-21,-0.009419791624296892,-0.002075339883636871,-0.009583958633524523
2022-06-22,-0.0234168528802712,-0.011309447542399176,-0.01611177005287625
2022-06-23,0.007857711011540217,-0.004200869382030991,0.0186568198336708
2022-06-24,-0.024447605942247003,-0.0063334764049881795,0.019169167142645074
2022-06-25,-0.025771383770654376,0.01659969930577904,0.013858126386034706
2022-06-26,-0.0061622504620762256,-0.011283006881313286,0.018660382157242156
2022-06-27,-0.02386390191008529,-0.0074715777616606695,-0.02487288003545382
2022-06-28,-0.006489463579554581,-0.007276555974706942,-0.02269116793019208
2022-06-29,-0.003666166061790165,-0.0025143068020234277,0.0025769800893655492
2022-06-30,0.01564084971837499,0.004804510163219471,-0.00759667309885752
2022-07-01,-0.0157290301163506,0.00503367421703918,0.01569958272804283
2022-07-02,0.026117717433030162,0.0049284940395046255,0.01771330318399905
2022-07-03,0.0006691979914819632,-0.00197620126495314,0.0010364753026305548
2022-07-04,-0.02411949886416789,0.005881948206456758,0.018268177933757592
2022-07-05,0.01379240609168752,0.000495220258693911,0.015218128238568473
2022-07-06,0.010216835313314519,-0.0034590726431839103,0.011990002900217627
2022-07-07,0.006463047633563134,-2.4293265238918224e-05,0.0054221282315914865
2022-07-08,0.009916798091323011,0.010455543184593597,0.0026572091074969096
2022-07-09,0.006219178037227933,0.008640463437262843,-0.03644122508421922
2022-07-10,-0.010576155012800181,-0.0023610224598129463,-0.00774331297531805
2022-07-11,-0.014784975094412582,0.005712994579199367,-0.016005813899637695
2022-07-12,-0.0001533202340401026,-0.008266774663323278,-0.007024173211202304
2022-07-13,-0.016109745689790216,0.005969455542485219,-0.008851843504810816
2022-07-14,0.008245920952086531,0.012204957792812242,0.018932680837256334
2022-07-15,-0.017084511563659466,-0.016126982484270434,-0.016568866185929353
2022-07-16,0.015549934524107184,0.011925354409389665,0.008238214266813423
2022-07-17,0.004114225657947534,0.008302935869495334,0.003234401256174207
2022-07-18,0.028738504260647987,0.010725720771663292,-0.008873341428910364
2022-07-19,0.013153248869987248,-0.002120945307862257,-0.019268931788907654
2022-07-20,0.010663239177659795,-0.0006955078031428641,0.000457549631525603
2022-07-21,-0.0034251393630735185,0.006863635787428256,0.004868777550904507
2022-07-22,-0.020829146623562368,0.00045878894858013747,-0.01871782617057249
2022-07-23,0.016038593764967756,-0.004212779431635641,-0.01234576520219652
2022-07-24,-0.0057280082548472845,-0.013060845201294418,-0.013528127244327521
2022-07-25,0.025419606064712007,0.003851921008114832,0.019578453686094042
2022-07-26,0.0014412345087172634,-0.0060678993332651115,0.00843762921776702
2022-07-27,0.008484329524629672,0.001573870243892222,0.017641172115197407
2022-07-28,0.011375576352120734,0.011780513282653693,0.012075880083690161
2022-07-29,0.0028547593652300143,-0.004267150814483529,-0.014743736692257509
2022-07-30,-0.0003070048543135882,-0.006213464339548097,-0.003714171035538742
2022-07-31,-0.005134994312458299,0.009983227520094694,-0.005509454241805313
2022-08-01,-0.04369527334959456,-0.006093750155444488,-0.005088582640559703
2022-08-02,-0.004672452910455398,-0.00012683890370717276,-0.011150855448108999
2022-08-03,0.010623081125465696,-0.014809750213437958,0.024248462835115236
2022-08-04,-0.007066424083413559,-0.009921506411873069,0.03498465789211885
2022-08-05,-0.009783439253805695,0.01726616831608143,0.05966169901295519
2022-08-06,-0.015673474732684465,-0.012310581588667774,-0.013021352117587337
2022-08-07,-0.010557345238906292,0.014574160988901259,0.045722215634556966
2022-08-08,-0.0043409061944699205,-0.010103817440474006,-0.014427569093112151
2022-08-09,0.015146523608262538,0.0067199649606038536,-0.004968208646290855
2022-08-10,-0.014178826018259667,-0.002519586865486557,0.006222982600609943
2022-08-11,-0.006968384701471284,-0.007103573680229402,-0.0004134307478742955
2022-08-12,0.02606617669729255,-0.006660665210550749,0.029719913010291674
2022-08-13,0.011180165621099853,0.021122082562947054,-0.006753410728688771
2022-08-14,0.02068071741277646,-0.007176108812161415,0.018508778832416164
2022-08-15,-0.015935298762260727,0.004919843508441027,0.0231806898338474
2022-08-16,0.0011935890100955005,-0.002712014455641634,-0.010198729466770924
2022-08-17,0.008016679633694625,0.016944693406235126,-0.02451028811821762
2022-08-18,-0.02764774758724056,0.0012466079157365676,-0.006217203079110001
2022-08-19,-0.0016013180137179708,-0.005455365056259587,0.0031171775824257947
2022-08-20,0.0010372162988736768,-0.007702348296208579,-0.013031504084242605
2022-08-21,-0.02390236387033143,-0.011572863402220586,-0.025622087842228018
2022-08-22,0.00444550451091789,0.00334237977271387,-0.01981338772022983
2022-08-23,-0.009459291795276778,-0.004211255306910159,-0.018381770080794075
2022-08-24,0.026510073787313595,0.012404840669310755,0.01987292083639903
2022-08-25,-0.00035655096906729263,0.00610762959375669,-0.01135732463581304
2022-08-26,0.014983524329062452,-0.014297620210995052,0.0246477968288592
2022-08-27,0.0027306802274697055,0.006756979825685343,0.02940736498834776
2022-08-28,-0.010457162195923289,-0.029085871166870763,0.013995612663431025
2022-08-29,0.008811865872452265,-0.010814038957090957,-0.013246841986822282
2022-08-30,-0.011607492654856525,0.0005724706385295227,-0.014250701098171151
2022-08-31,-0.0026293905835759255,0.004946978558098462,-0.00989558905523619
2022-09-01,-0.016277701580446235,-0.00880719237241074,-0.0028353637494311318
2022-09-02,-0.010203793617458738,0.0007550459031208702,-0.014656529124681962
2022-09-03,-0.01298615023438899,-0.012343759362770115,0.0007044794467142295
2022-09-04,-0.02146180548635964,-0.004819125291630199,-0.00010280164005972685
2022-09-05,0.01581936879986449,-0.007116019274351514,-0.029556116958222165
2022-09-06,-0.0135305544888324,-0.021043044980384788,-0.011506191548022779
2022-09-07,0.005901686377350347,0.014455500660755417,-0.028321872265372833
2022-09-08,0.02091924907299424,-0.011601092955108961,-0.008707147873594624
2022-09-09,-0.01803788195243034,0.0032237465037152097,-0.005060665536043886
2022-09-10,0.014959962996844036,0.0011964059857280669,-0.01791565785532109
2022-09-11,-0.03628577989073691,-0.00525168966295403,-0.03785250287921404
2022-09-12,0.005525192444565388,-0.014843986183105371,-0.014276199799884998
2022-09-13,0.020876582367384232,0.011140674253785373,0.004297810085168717
2022-09-14,0.016616760326896587,0.002536954289179169,-0.00808473921459647
2022-09-15,0.02035785752426413,0.0006344216583503064,0.0203412167122807
2022-09-16,-0.011262844718010218,0.0049383335200248995,0.020428324782974377
2022-09-17,0.0024069785851132137,0.0028725334717202983,0.020661460703744222
2022-09-18,0.021157773708706428,-0.006017977778482063,-0.017587401470108267
2022-09-19,-0.016499018225559412,0.027597634438028158,-0.0028353212335575874
2022-09-20,-0.00878780924080355,-0.006546828865994031,-0.016134112445246894
2022-09-21,-0.0036479808080121315,-0.003401751955035773,-0.001437789777589573
2022-09-22,-0.004594717841882125,0.000899273220877444,0.006372411281379774
2022-09-23,0.0008167292478081761,0.0076128230606858326,-0.004954104306235616
2022-09-24,-0.019173290683929204,0.0051823633733198895,0.027404020817907215
2022-09-25,-0.0006421757573546151,-0.0017795257860084308,0.00691086782802002
2022-09-26,-0.0007069733746238163,0.01141619233009176,0.011505906096072119
2022-09-27,0.0008310517016557976,0.0004568925470802479,0.0032930524772920517
2022-09-28,0.009121972500163415,0.006080673080759184,0.009777910563012594
2022-09-29,0.005056869391821751,0.012035395281085009,-0.03681249223728524
2022-09-30,-0.007081004471451307,-0.01527589575873389,-0.011960316516406323
2022-10-01,0.0021759322644153605,-0.013721919206675546,0.012271454756094521
2022-10-02,0.008184297503073134,-0.015389616534515958,-0.013509822039342777
2022-10-03,0.006970161273904415,0.006777096183449107,-0.0061968704039653405
2022-10-04,0.010360899555789513,-0.008053805546599804,0.013086069403717523
2022-10-05,-0.014277715033816042,-0.0059730467740428715,0.01502353565289827
2022-10-06,0.003562372549056679,0.0025589783655327325,-0.007520088666076082
2022-10-07,-0.014018833784723881,-0.002351758912517728,-0.001315477077154301
2022-10-08,-0.0020703952185957696,-0.013540263793619358,-0.005789953387616711
2022-10-09,0.00046454317466674666,0.012868449542911123,0.012239720813627513
2022-10-10,-0.030904856578498525,-9.448915001702191e-05,0.029237479232391617
2022-10-11,-0.0008989100145852525,-0.008017645638931675,-0.026194537928951607
2022-10-12,-0.02380711353620371,0.0020828162580687534,0.02348863154114791
2022-10-13,-0.008122678153760025,0.023211601006788568,-0.004066290867606766
2022-10-14,0.03138824060171012,-0.018956057428186478,0.012649129474758422
2022-10-15,-0.0029864779695652046,0.0038280715820675406,-0.0030422014972363506
2022-10-16,-0.01571128801502035,0.007279159518408246,0.0008410011598624484
2022-10-17,-0.026581451585343262,0.01199478797801828,-0.02517972155888431
2022-10-18,-0.005143382477876747,-0.004827713351610109,-0.0035889036883099386
2022-10-19,-0.011875251402679182,-0.004850211154212244,0.022785402531377945
2022-10-20,-0.005462027705822959,-0.0019149205788654125,-0.007576358884930095
2022-10-21,0.011523762203048307,-0.017750774553161822,0.008991524941731483
2022-10-22,0.00483202038330245,-0.006020297804109295,0.0005882390921424047
2022-10-23,-0.013694141355048524,0.004727663068055963,0.0034631653518289807
2022-10-24,-0.00599419909566763,0.0058847175376339255,0.0038297981973238315
2022-10-25,0.04964819879979711,-0.0037761378024587905,-0.009397907603093931
2022-10-26,0.0025339489863014215,-0.011280836204149275,0.03633389354070029
2022-10-27,0.0009460285648359943,0.0013766434791810615,-0.014546494620261917
2022-10-28,0.004853513309608441,0.0036597380256901007,0.001927526263012791
2022-10-29,0.0003631502054216458,0.019656991657635094,-0.016117711436417513
2022-10-30,0.007406896319892087,0.006351007758048143,0.01959972955699111
2022-10-31,-0.0105873617342721,0.0023534560498110362,0.020157625702851997
2022-11-01,0.014404820391704607,-0.008811710380694402,0.008164316740121505
2022-11-02,0.00922804374522553,-0.004012023058507231,0.017277310860328403
2022-11-03,-0.017008404140476472,-0.007629878591330947,-0.0305691705298384
2022-11-04,-0.015055631951258749,-0.0046981648283061905,0.01637505590119914
2022-11-05,0.006706721356062096,0.01305118403575557,0.04568735605282731
2022-11-06,0.00027360499343192027,0.013450758384144244,0.0105049619594664
2022-11-07,0.023172827000524403,-0.010264023537766601,0.007530163647664114
2022-11-08,0.0026406894855058134,0.0186556126547982,0.04343409449885037
2022-11-09,0.013281511741581872,0.009018100377374034,-0.024438499920616905
2022-11-10,-0.013649978099806533,-0.0006814088933944073,-0.008090046054718357
2022-11-11,-0.011798543983421329,-0.008357398308817099,0.007777465588504824
2022-11-12,0.0014771048488701713,0.006789199162282979,0.022177081837435986
2022-11-13,-0.02137210964014273,-0.017455402256456424,-9.153779365575989e-05
2022-11-14,0.001637038911031935,0.008326535932618406,-0.0005770595341156376
2022-11-15,0.003082232100979015,0.004037554001768232,0.020652287280688967
2022-11-16,0.0091633705732953,0.026039773501016415,-0.017632154402769894
2022-11-17,0.01222088039402778,0.009520550727675605,0.01077714968405242
2022-11-18,0.0022387129798918538,-0.01013632228766036,0.012899475105576201
2022-11-19,-0.0017307956045131204,0.001715958846416672,-0.011137125092441927
2022-11-20,-0.016439582523458913,0.003983877495008017,-0.011562506704662743
2022-11-21,0.018859028440477113,0.00707928232453595,-0.008193890496361959
2022-11-22,0.019730731817611823,-0.0025382196334453365,0.04202021084399764
2022-11-23,-0.009998797662638854,0.007167104946652976,-0.007274588593180252
2022-11-24,0.009352655157620602,-0.018119229938935416,-0.013669237748749535
2022-11-25,-0.007395939443759123,0.01778020824171329,-0.01112795700392852
2022-11-26,0.02132334062707652,-0.028616902035973463,0.029831603951978147
2022-11-27,-0.02042095524290548,0.010637147131796245,0.0231359892689404
2022-11-28,0.02303401328546385,0.018352180828593734,-0.013983610584082052
2022-11-29,0.006710931203984332,-0.005675351692584113,0.0049239984171932285
2022-11-30,-0.0014668238441907005,0.009715880997920263,-0.0467893608018674
2022-12-01,0.005624767591278546,0.015414384713144751,-0.021260979328481255
2022-12-02,-0.002861324260432366,-0.0014065001100964675,0.028321438750617198
2022-12-03,-0.013293969807793527,-0.009951571152778475,0.048430627377857735
2022-12-04,0.009322465189010564,0.009088460729642336,-0.05687849902726419
2022-12-05,-0.019140088823004067,0.0012547262754334114,-0.005923223803395343
2022-12-06,0.009680914723896766,-0.006794249697567665,-0.015276209962248374
2022-12-07,0.029872361680156865,0.0010105442042696536,0.00951704187132493
2022-12-08,-0.01640384448586573,-0.0030633333830275677,0.006923698195626781
2022-12-09,0.017553088651706832,0.0031472249984443403,-0.049888252712869924
2022-12-10,-0.004485329872816012,-0.0051870879772167675,0.010970495514499362
2022-12-11,-0.01282829209491747,-0.01330447827179273,-0.0190247936175786
2022-12-12,0.009987093253366287,0.0059203316874369095,-0.0005512454646182473
2022-12-13,0.006538806874121233,-0.005784741340291887,0.019583562953590105
2022-12-14,3.668987252175193e-05,0.0017573838760723685,-0.04101254433559004
2022-12-15,-0.022254398976175753,-0.006226307990223778,0.03679454589750974
2022-12-16,0.011065039956637518,0.007358592007989213,-0.009981750611430817
2022-12-17,0.001719307536070699,-0.0001847703548928062,0.04123047880782356
2022-12-18,0.010109142857302354,-0.005049362455975177,0.027445859221266994
2022-12-19,0.0010493218863306675,0.007922834561118761,-0.027687595933079533
2022-12-20,0.002326145464493813,-0.0011038561694508417,0.016227472237362796
2022-12-21,-0.001220931824372437,0.004239097581326949,-0.001664665503110092
2022-12-22,-0.009757240423447808,-0.00818307983151469,-0.012712681527182785
2022-12-23,-0.015821779732141585,0.013636337136151403,0.015156620532410965
2022-12-24,0.008659376311578551,-0.004017188328105806,-0.028182513862239
2022-12-25,-0.006969663917255349,0.004999094267860732,-0.005225536709764138
2022-12-26,-0.013108788536021246,-0.004213389715979485,-0.004841297341184786
2022-12-27,0.013863720530637455,0.003291922524124354,0.015333969596954211
2022-12-28,-0.001336194781604286,-0.005944729777553289,3.1322507328181483e-06
2022-12-29,-0.0063739796607837265,0.013465625144281226,0.001896858306103726
2022-12-30,0.010304122761641884,0.006643448156330594,-0.005743162051313286
2022-12-31,0.04621523965164305,0.004384235932394752,-0.0033948483845024787
2023-01-01,-0.01846778660902343,0.01658242941601748,0.014497790745798027
2023-01-02,-0.018089484654934106,-0.012050179704248425,-0.017495574068090398
2023-01-03,0.0034083598292466905,-0.006276007228214148,-0.019541700231332435
2023-01-04,-0.028766251944545802,0.0028292241830645804,0.023202030055480157
2023-01-05,0.018932784046302446,0.002079017396585731,0.008812346687751018
2023-01-06,0.008832156194001118,0.00919593495826538,-0.0333676100763629
2023-01-07,-0.010167351004080349,0.004288999250517916,-0.008744944919894485
2023-01-08,-0.023215802028709414,0.0011243385925409713,-0.015666558517822313
2023-01-09,0.006536517172984863,0.008219992940997322,0.009686123010496137
2023-01-10,0.013673003960386955,0.013496602314371014,-0.022908605105313878
2023-01-11,-0.010617782032920577,0.004661122996317479,0.006490781542924586
2023-01-12,0.012219602673922598,-0.01642610087291626,0.003367477780851842
2023-01-13,-0.014379856326809843,0.01856648694901001,-0.019245372603037096
2023-01-14,-0.018817475984571227,-0.002692126920823724,0.00887030301237793
2023-01-15,-0.009851361799804193,-0.00015999019948194866,0.007707657671479809
2023-01-16,0.008940000508128937,-0.007714955408197004,-0.006169024690409758
2023-01-17,-0.008640566770688083,0.005104933262010212,0.0016481052322162072
2023-01-18,-0.012843509132962814,0.001429061330320922,-0.003265121604804395
2023-01-19,-0.015837913540486342,-0.01374282182975524,0.01888337847102645
2023-01-20,-0.010173151104434466,0.015268420043305576,0.0346788147914631
2023-01-21,0.0021479443455128806,-0.007914504449439442,0.02475112175684437
2023-01-22,-0.001944196125293614,0.008046524869327873,0.011348363444418611
2023-01-23,-0.025478806399810833,-0.0046891012379241545,-0.009128851667198082
2023-01-24,-0.01493646314406357,0.0015602460135405382,0.01205309547365812
2023-01-25,0.002529611123871789,0.004737129135601824,0.0016969968870919011
2023-01-26,-0.0030285429329707423,0.005765175402439096,-0.03522242405924746
2023-01-27,0.010763352840030072,0.003118797353110287,-0.0040159689453281135
2023-01-28,0.0025988923320420833,-0.010733230382852729,-0.013973558000165403
2023-01-29,0.00693209007757589,-0.012057018601769536,0.0005335996282919137
2023-01-30,0.011778367818709652,-0.003237048387345358,0.012204004994951374
2023-01-31,0.010916670166010108,0.002089194007941762,0.011585299536453701
2023-02-01,-0.014811190194188445,-0.0009373079353606553,-0.016837208429946838
2023-02-02,-0.01422483102733825,-0.005100192794594677,0.027708054702287654
2023-02-03,-0.0009312919364141322,-0.0030869097096900113,-0.036693003858500176
2023-02-04,0.011120440570156846,0.012288280018240725,0.002705753931373664
2023-02-05,0.014671990317624657,-0.005046882357492704,-0.017046586028883474
2023-02-06,-0.01268229294833071,0.019565894487231276,0.041382934836452535
2023-02-07,-0.015412470802470006,-0.004827248662052402,-0.005571301669279472
2023-02-08,0.03500397679903065,-0.012606587862209466,-0.005327782221135487
2023-02-09,0.019617001962403825,0.012762410022465927,-0.008212646223329585
2023-02-10,-0.0021475004550596394,0.007334511016569765,0.005396438604347539
2023-02-11,0.02026946633580655,-0.021313693798688322,0.015181039326847137
2023-02-12,-0.031103567623451785,-0.004390420303549972,0.019751817751576133
2023-02-13,0.012226864260219088,-0.010142830449855556,0.010031414995135024
2023-02-14,-0.02923857523094174,0.0027258002314584366,0.012615626887325876
2023-02-15,-0.00964315189750064,-0.008625304892931292,0.01992534360902353
2023-02-16,0.0077211300580748935,0.001517173159590415,0.009421466913935804
2023-02-17,-0.03435470024216771,-0.0013756392757892047,0.029222427064934744
2023-02-18,0.0033883856295050937,0.004275614266556513,0.009631400547195652
2023-02-19,0.008310394898881175,-0.008432972960788642,0.003585679819554652
2023-02-20,0.007313159720976346,-0.0116013167841418,-0.014495407066670596
2023-02-21,-0.009614966664253023,-0.012642226646446916,0.0001968127338355834
2023-02-22,-0.01458656238461833,0.003640364091477107,-0.011366127651042477
2023-02-23,-0.015538482986962945,0.010566618973343243,0.004397035698255197
2023-02-24,0.014773248305978618,-0.00828090493893215,0.007794907405744483
2023-02-25,-0.0017915670951391216,0.0068947713600507245,-0.0036950604726970616
2023-02-26,-0.002023145829770293,0.001197647683773175,-0.01748803670818705
2023-02-27,-0.0013170762257336834,-0.007422768819809447,0.027551649232811164
2023-02-28,0.02462182726921563,-0.0005655943477691321,-0.033862186331536905
2023-03-01,-0.003480167893107797,-0.0015054142224395217,-0.00980807760710629
2023-03-02,-0.020115639390860012,-0.0017884083827949704,-0.020805055342455313
2023-03-03,-0.020659520663242337,-0.006600263487081329,-9.675108093515107e-05
2023-03-04,0.0030470722541938427,0.007067077344186887,-0.028894748306524002
2023-03-05,0.0072549809635290554,-0.0034826319016779583,-0.01675162836032129
2023-03-06,-0.017904055652459533,-0.0034565659747167674,-0.006427993824961093
2023-03-07,-0.012420590442002652,0.019532515427433776,-0.009109493720518929
2023-03-08,-0.018440984851042477,0.013248358476458838,-0.009630312130887836
2023-03-09,-0.003063300120632469,-0.005737260499784997,-0.009960950731946501
2023-03-10,0.004657316790343792,0.0031757448209535372,-0.02453496119863138
2023-03-11,-0.006816210693269028,-0.0018624232628056633,-0.011049356716600085
2023-03-12,0.009499691682729381,0.004611109346968394,0.009299821362683999
2023-03-13,-0.002221173687142233,0.00534680591311302,-0.007578940653912564
2023-03-14,-0.00183823861327536,0.008397811110132188,-0.03309617421417733
2023-03-15,0.002856320797083826,0.0005952773160539397,-0.019073389536653204
2023-03-16,0.009903494750976223,0.0068317416449536,0.000276947484667748
2023-03-17,-0.012547786175784928,0.005455649573217867,0.03695447799821116
2023-03-18,0.010397614132244017,0.004192507333078553,-0.007400266126478593
2023-03-19,0.011398126588967612,0.0053971953609163684,0.007838138677639543
2023-03-20,-0.008210353856705089,-0.00730334199569743,-0.006336947133609819
2023-03-21,-0.011861136828585372,-0.008575653841734265,0.014086021649166487
2023-03-22,0.01927200584662574,0.010074411334186531,-0.03171191330756816
2023-03-23,-0.011791479516759278,0.00028312673735278373,-0.003503459262249491
2023-03-24,0.03168804655898862,-0.009818684865650578,-0.007323894489859951
2023-03-25,-0.01625186702660114,0.016098663914647808,0.00611450918485487
2023-03-26,-0.004541464011546534,-0.010481998424901787,-0.027666317455588993
2023-03-27,0.0024965211327239666,-0.0003886008116157584,0.013828381860474241
2023-03-28,-0.01072450938212765,0.0080394649276078,0.008780226473626236
2023-03-29,0.011637293466036511,-0.003301120545043419,0.029020419357872355
2023-03-30,0.006179329859316529,0.005285207220079632,0.0208124249761572
2023-03-31,-0.008649803715301801,-0.0013199365720232314,-0.023889814471635958
2023-04-01,-0.013210059130964435,-0.001605295202669619,-0.012602298280328928
2023-04-02,0.018813931710062487,0.012735752489965866,0.025252375849386072
2023-04-03,0.012606162006194263,-0.010256878478017052,0.014118333171774055
2023-04-04,-0.01593554739968174,-0.004114440096643267,-0.003047499533708654
2023-04-05,-0.004425714809184318,0.006360006259076172,-0.011809734905521624
2023-04-06,0.03524531811567033,0.0032304251010061152,-0.00816338013006629
2023-04-07,-0.013487237092640117,0.0002592861420489355,-0.01387522572218388
2023-04-08,-0.018294992929949926,0.015371615226532829,-1.8606085089336216e-05
2023-04-09,0.031002606140243413,-0.01089704951805843,-0.04353443835486945
2023-04-10,0.007725721169692406,0.001748253721762585,-0.001501882938596923
2023-04-11,-0.0009335873290320226,0.008648609393851153,0.019263522933751016
2023-04-12,0.030678563519212797,-0.001274060061461087,-0.01943191587702746
2023-04-13,0.006169172877964234,-0.008171802543569428,-0.006438842592198549
2023-04-14,0.011871513189501418,-0.023482583650587655,0.007648742561422608
2023-04-15,-0.017660635499079702,0.0007798368533556907,0.000194226779346627
2023-04-16,-0.012875780206124399,0.001365389305249456,-0.008258378092406257
2023-04-17,0.004114022305012892,0.0048439876206135095,0.05901308080897285
2023-04-18,0.001174513482560659,-0.01281306715623843,-0.007688818046454103
2023-04-19,-0.004432331136095086,-0.006501264206136928,0.020977654669546687
2023-04-20,-0.018580548376795875,-0.005264785686408054,0.0023839531206560124
2023-04-21,-0.021227212908162107,-0.00957594162627855,0.0030287128795167166
2023-04-22,-0.014754280144647684,-0.0002084776064301151,-0.004664533984506962
2023-04-23,0.01995141371634302,0.022705095634803468,-0.03875061052644224
2023-04-24,-0.015168475431505445,0.003947217976601076,-0.0006797105705601176
2023-04-25,0.003815515834918262,0.005022500446565673,0.0101738005753248
2023-04-26,-0.005809007019471982,0.003684260360569354,0.020063649035563073
2023-04-27,-0.00509544161093191,0.014839126373164162,-0.0055390514450530705
2023-04-28,0.01075840531668863,-0.008994846975353426,-0.023754580989341308
2023-04-29,-0.023317549827409627,-0.0004929359119178662,-0.009337457658479396
2023-04-30,0.001449659246819788,-0.0008088397495072004,-0.0021700274457222574
2023-05-01,-0.025421924606525308,-0.002836047836510414,0.03781973803708499
2023-05-02,-0.005249901502645865,-0.0038252587836583693,0.017713796796578744
2023-05-03,0.010831902847733506,0.006441372126530454,0.033996591950616536
2023-05-04,0.013353255610442294,-0.008792618028783715,-0.008343388207371249
2023-05-05,0.010291098784420626,-0.009730145916729927,-0.013209711281154408
2023-05-06,0.005742534756690882,-0.00038269634448608356,-0.011972858689955613
2023-05-07,-0.0015922172780803887,-0.011014481850986713,-0.008548154946079502
2023-05-08,-0.03450369364044782,-0.012671207959427276,0.019072178179887354
2023-05-09,-0.0017281560112921964,0.009692897697596119,0.018245973193473156
2023-05-10,-0.005836807763036722,-0.007867826401877756,0.014137493122723234
2023-05-11,0.004863594555007887,-0.010004242101503571,-0.00434105433125714
2023-05-12,0.004102347457805218,-0.0031359788017157335,0.021494524623686073
2023-05-13,0.007614260050053556,-0.01313693949179293,-0.011736802060017022
2023-05-14,-0.03013240385077168,0.005030719805686245,-0.012899809319684737
2023-05-15,-0.005282166965265593,0.0021097582485228032,0.02565849546038006
2023-05-16,-0.018602032520848372,0.014482682262489378,0.007303612630959225
2023-05-17,-0.0018383619876264088,-0.016795005995669604,0.03084356036450188
2023-05-18,0.026330578627379843,-0.0011914142009503735,0.006659323761162698
2023-05-19,0.003385356473974944,0.00010103788683838829,-0.003217692725973811
2023-05-20,0.0002942123324520102,-0.02110553588596304,0.0295793384316643
2023-05-21,-0.015105315536276961,0.0016722802239646992,-0.014094559023109054
2023-05-22,0.0034919464985745663,0.007086716665881651,-0.04264404602313804
2023-05-23,-0.014993587202511557,-0.0015074040379656668,0.011852645401543543
2023-05-24,-0.004556168250449714,0.007446903240034343,-0.0035310661396357125
2023-05-25,-0.004845322133905879,-0.004371277428638185,0.019730541439262596
2023-05-26,-0.015856091715124192,0.0002789234446950251,0.003291382014266147
2023-05-27,0.00944696572749352,0.009697732834847492,-0.004394713933723491
2023-05-28,0.00563345462784242,-0.0032744011834951793,-0.0011635657333477504
2023-05-29,0.003310966526384663,0.0029115694876195087,-0.04284958524645353
2023-05-30,-0.00740621219557705,-0.004738989900309755,-0.017758479617822304
2023-05-31,-0.0076867753262955885,-0.0003988937140900023,0.0028415879940247987
2023-06-01,0.007924125847052989,0.017354892815031768,-0.0060141320465793855
2023-06-02,-0.02254269359533425,-0.017589418512243365,-0.015981075944937948
2023-06-03,0.02487790920775172,-0.004689792858999073,0.025721651105899572
2023-06-04,-0.004051127402796356,-0.00021482593401210063,-0.01948049369674416
2023-06-05,-0.016100488725998056,0.013563608285431433,0.011089543400887374
2023-06-06,0.010159241747886232,0.0025664930417136824,0.0215907265146525
2023-06-07,0.0007320888545574313,0.0015133153107885172,-0.011189686333316842
2023-06-08,0.018150697905426796,-0.007570965427074249,-0.01248018609648272
2023-06-09,-0.01062260048190034,-0.0005422070671206437,0.0033542083647071946
2023-06-10,-0.0029532584343982767,-0.009851224742223892,-0.0408168528455671
2023-06-11,-0.012492996114917531,-0.015312352215915608,0.011693873638628354
2023-06-12,0.045989195959589016,0.009834424311789464,0.012891631628571999
2023-06-13,0.008138119216713586,-0.009797896250288709,-0.017659578137846806
2023-06-14,0.010216698086793924,0.00411139705387417,-0.007234672015819256
2023-06-15,-0.017530339846570493,0.002222118246572173,0.06532703042378618
2023-06-16,0.00281129769780435,-0.020650624371655785,0.0028659593094175497
2023-06-17,0.0075336787300014415,-0.014524842378490718,0.013286660399109891
2023-06-18,-0.026422130709028328,0.005356549662013564,-0.0039936832989556
2023-06-19,-0.008938733882414205,0.003942180601795422,-0.00846282132014953
2023-06-20,0.034887227370484254,-0.012200549978555136,-0.02346496192560506
2023-06-21,-0.008298852935604863,0.017886263910960227,-0.014727733966693874
2023-06-22,-0.013482512905230393,-0.020864961966941355,0.002882271164526024
2023-06-23,0.005981646808837389,-0.006677152120034211,0.00042275856327276927
2023-06-24,-0.005273779771778706,-0.008391569040470491,-0.028087252725203068
2023-06-25,0.013435902237749556,0.011847766607456782,-0.009336929942329772
2023-06-26,-0.0035567640663666878,0.01362346258999399,-0.025424264660374073
2023-06-27,-0.006280912169257187,0.005315228410402587,-0.022296375718203858
2023-06-28,-0.007272246972382098,-0.009287320513416249,-0.018594961183527072
2023-06-29,0.013957134379056756,0.0009271136601625161,-0.015374248428956929
2023-06-30,0.019308011131047447,0.00810568666396298,-0.011560890132517314
2023-07-01,-0.0040202364906972,0.005403504524085872,0.01214873003282496
2023-07-02,0.01982730121452141,-0.009924756601174633,-0.01976427326865596
2023-07-03,0.0012068029446974649,-0.012667909789218624,-0.011262624657833955
2023-07-04,0.0023401988580700004,-0.0024692115001347073,0.009554225109180567
2023-07-05,0.006607626609024839,0.0010800718837618432,0.019286989134316132
2023-07-06,-0.0038310271132657218,0.015000943964187241,0.008039166798103644
2023-07-07,0.0063543726137170785,0.008689522377942639,0.011503273861232852
2023-07-08,-0.0027012773256543947,0.009890583047112347,0.02407848532500641
2023-07-09,0.013555550154959429,-0.011699927782145516,-0.027992426030188665
2023-07-10,0.009844328456410187,0.007152160292050456,0.010070277250015443
2023-07-11,-0.0034012802733479554,0.012721518690703988,-0.010569641795205236
2023-07-12,0.01667020337689177,-0.01888503496636844,-0.014400387880911712
2023-07-13,0.003981728030278268,0.008809170007223019,0.0005423300022190141
2023-07-14,0.045184928723400374,0.0009223187810156147,0.037636141506050595
2023-07-15,-0.005537061724059544,-0.004355753786398938,-0.008053136468869663
2023-07-16,-0.017390055761676907,-0.0070618823774747964,0.029450417999081217
2023-07-17,0.004129204030854345,0.004595486499850928,0.011829813734783408
2023-07-18,0.006032242309606643,0.005076801242209681,0.03721973832786424
2023-07-19,0.0035419933411239566,0.0005595621035798749,0.029884805108704855
2023-07-20,0.008854419709394169,0.0007832673099972269,0.022596078802050994
2023-07-21,-0.010664246103840227,0.013957410158695414,0.02921077111715991
2023-07-22,-0.00822317547972278,0.01191972814057201,-0.005608441223251516
2023-07-23,0.008820228659849456,-0.0018222581751045595,0.010600093121925438
2023-07-24,-0.00030786932670623786,0.013427262874616217,-0.003675918382231125
2023-07-25,-0.008281014648807754,0.008589413059279516,-0.0069804448572306915
2023-07-26,-0.002236166634040083,0.0010722479901114938,0.00586544425790751
2023-07-27,-0.010180329643843211,0.016274031840812022,-0.005495989382959985
2023-07-28,-0.009097462385050365,-0.00239040579171484,0.03220815612958579
2023-07-29,0.00827537957907804,0.013451606142497075,-0.006977196235136005
2023-07-30,-0.017984368643266132,-0.010407311210080324,-0.023905020197162705
2023-07-31,-0.010822124754357773,-0.004104121923004838,-0.005199949462534511
2023-08-01,0.01006179425463504,-0.002743345757551935,-0.01525088395095809
2023-08-02,-0.006648267741390595,-0.010870214078145228,-0.029056487154134305
2023-08-03,0.0012375474477348755,-0.0035859646645634412,0.017783472513319295
2023-08-04,0.015338195399332934,0.004646677764381958,-0.05270596548106854
2023-08-05,-0.01655577822266393,-0.024633323620915568,-0.022280069262807338
2023-08-06,-0.02523688040166352,-0.00040621592708085894,-0.007316496864664347
2023-08-07,-0.006254144776453572,0.0035254352426400083,0.021095397959883563
2023-08-08,0.005456373857735972,-0.005508591998025535,0.03386380515420704
2023-08-09,0.0036701509707677887,0.016884987283570473,-0.0006201330694564509
2023-08-10,-0.026506687435047086,0.009718224965912195,-0.007432643136821042
2023-08-11,-0.0055019673352337565,-0.011374012020777154,-0.017888147830646708
2023-08-12,0.003082029931548919,0.006354465962937063,-0.010982214063653349
2023-08-13,0.007951084744680259,0.01602569926761784,-0.0026898900829064494
2023-08-14,0.00652797837434099,0.008566299855819439,0.01086750027090332
2023-08-15,0.008486714017050357,-0.0013110145783557898,0.01940639437395274
2023-08-16,0.0019251020219428062,0.0064162748857733215,5.874730910695669e-05
2023-08-17,-0.024089743593327807,0.005157850547259175,-0.020598463826015715
2023-08-18,-0.016961877847982528,-0.001097950280777678,0.004737113299664186
2023-08-19,0.022327889941824403,0.01779582734990783,0.019026725316533478
2023-08-20,-0.0153130052483947,0.02051361717936457,-0.00793622618555647
2023-08-21,0.004257329099131828,-0.012711039557588313,0.001979772595963777
2023-08-22,0.013628642610032438,-0.0027108427373673002,-0.0003157153249340977
2023-08-23,-0.006916643870022315,0.015506582969549881,-0.02938003313641815
2023-08-24,-0.003231308476214043,-0.009529454056054983,-0.01700579685365643
2023-08-25,0.014884074352992186,0.009736507593880853,-0.022132789249688405
2023-08-26,-0.008839675935313162,0.006099287723094958,-0.011993195324777032
2023-08-27,-0.00938304348524542,-0.009697436105591378,0.013762227914390895
2023-08-28,0.012061204912500926,-0.0015917787456677915,0.00905242249200247
2023-08-29,-0.008650753475535723,0.007773581209285626,-0.018395258561055904
2023-08-30,0.006844743642031971,0.019016747663558545,-0.020246230319142296
2023-08-31,-0.013376151914872136,-0.0052506621791311,-0.005283927853958397
2023-09-01,0.01919206633228546,0.006294322246079105,0.0017895043217950937
2023-09-02,0.02176823852761718,-0.0027301250408164122,0.011803525348277775
2023-09-03,0.006674719023624112,0.012137119344164966,0.00676663157328887
2023-09-04,-0.023117503475610104,0.012666503538780334,-0.017080005426860233
2023-09-05,0.0044261355444567396,0.008989516059657077,0.0015222910041662611
2023-09-06,-0.0007713271118579428,-0.02525452973106587,0.015471727877933047
2023-09-07,-0.025054014931315535,-0.004665857495840006,-0.031833413205462166
2023-09-08,0.0005991444046708821,-0.002478098144232847,-0.006013429483851854
2023-09-09,-0.016645254506624123,-0.02986053896776632,-0.02558935332576522
2023-09-10,-0.013520727979742818,0.003558218799997915,-0.014771691121042636
2023-09-11,-0.007978191714843978,-0.010621636356066928,-0.029350176230445876
2023-09-12,0.005448407653345101,0.01027058501059067,-0.006329367129285172
2023-09-13,-0.012617504546459348,-0.009999705404978514,0.0053555585658413285
2023-09-14,-0.009465246567470356,-0.01904485535878644,-0.019199332314823406
2023-09-15,-0.0014438148070147093,0.0025165888981427127,0.020109785478335366
2023-09-16,0.003016355318566295,-0.0079121142960706,-0.009903755005980593
2023-09-17,-0.0029979542280623803,-0.00658968260690454,0.0022302223670263334
2023-09-18,0.00526509695384415,-0.014462621799462052,0.0001922234922495734
2023-09-19,0.002196163987229416,-0.01833224919469615,0.0033070308844370204
2023-09-20,0.015774553442272944,0.007804844186749136,-0.01713771175821656
2023-09-21,0.020945702632163336,0.01493582194299148,0.01870874736396413
2023-09-22,0.01182710263944208,-0.009236164986516584,0.0572198386000807
2023-09-23,0.010514926930276381,0.008048127730571415,-0.01895307419054927
2023-09-24,-0.01738304010820651,-0.003345976709643454,0.02542806295901027
2023-09-25,-0.020168796286002693,0.007012581482582379,-0.009546594808218175
2023-09-26,-0.024927766152633785,0.0175213987575638,-0.006595139191350523
2023-09-27,0.017672144107400693,0.017023012327809266,0.010357128100768135
2023-09-28,-0.00685063126318929,-0.0035165746484574056,-0.009312444312087075
2023-09-29,-0.02538869122851815,0.011123677016751756,0.027657192954838154
2023-09-30,-0.023208236956485825,0.009106661996308506,-0.015014092727839335
2023-10-01,-0.0027574422333594916,-0.0026240166313903734,0.025856567912026313
2023-10-02,-0.01677608318182013,0.020107400715432936,-0.02949407942943345
2023-10-03,-0.015459426123836486,0.0002615979422329577,0.045613512994559124
2023-10-04,-0.007013762724323566,-0.004401905245416083,0.04970902667571096
2023-10-05,-0.008426432960856593,0.008362310937476714,-0.005671115829991293
2023-10-06,-0.01615970745358489,-0.0032525395008420705,-0.029284496707926235
2023-10-07,0.004520614523720682,0.002095578042986417,-0.013090244615031416
2023-10-08,0.03502632003108148,0.00875021742222604,0.01965956364328017
2023-10-09,-0.004442858548171484,-0.003890444215454861,-0.045338589476004304
2023-10-10,-0.004672067897889377,-0.006300949468353357,0.00889706301200013
2023-10-11,-0.009284169791106975,0.0055193560122430655,-0.007183212917856242
2023-10-12,-0.000561891439873394,-0.014296337274356809,-0.006363138628145514
2023-10-13,-0.007584281726149057,0.002448005021817582,-0.02707995007870523
2023-10-14,0.00406684000670712,0.010211914170334086,0.04593779771743745
2023-10-15,-0.0054739282075567846,0.016370356658444905,0.004512830656458856
2023-10-16,0.023862544699400027,-0.010865629622704471,-0.023254461492274617
2023-10-17,-0.0025360962583446853,0.005995610666933616,0.021479447100018582
2023-10-18,0.002525872439930993,-0.00623317613670326,0.010662975546120881
2023-10-19,0.0051534096081167526,0.021334437933485804,-0.018981345253982786
2023-10-20,-0.007520911467340033,-0.002432636966876001,-0.004373792523762115
2023-10-21,0.0051810470787178944,-0.0016402820338776017,-0.00953926190604157
2023-10-22,0.022976156045340635,-0.002463432095474229,0.007789314864255986
2023-10-23,-0.008163378044787183,0.004956065755621119,-0.042562223686260794
2023-10-24,0.01012479619835316,-0.007317139594432528,-0.011971863362500479
2023-10-25,-0.0008097808988198765,0.019885950068380835,-0.009628502103457172
2023-10-26,0.009577000600795091,0.00026820992582918507,0.026386508926318865
2023-10-27,-0.030555219163243472,0.0036783810929446603,-0.01984196634281402
2023-10-28,0.01275152581018421,-0.005975824021207089,0.012380803464503723
2023-10-29,-0.027946108340142658,-0.00857865650506759,0.0061858180749541315
2023-10-30,0.0012048314162507998,-0.011117413099360415,0.029892887955442295
2023-10-31,-0.0035063625759406887,0.012456861331651602,0.0036824900175217203
2023-11-01,-0.014667663852796007,-0.00861124713186101,0.004110556532723125
2023-11-02,0.008278845702888135,-0.00248576237705011,0.016550469778018544
2023-11-03,0.026227166192963145,0.0018756157846151137,0.010159440957194526
2023-11-04,0.018414271875296387,-0.0014134331692575285,-0.046558426070816304
2023-11-05,-0.007152746369455085,0.007037360310970032,-0.0070672085080031345
2023-11-06,-0.014733404560667528,0.004786498044976561,0.00252778605803995
2023-11-07,0.0007601388255809135,0.0006781130366282529,-0.018160758124138133
2023-11-08,0.019798555915665123,0.006024081704350914,-0.0028295075376967333
2023-11-09,-5.1975615789668995e-05,-0.008625098058270598,-0.016021396081420655
2023-11-10,-0.014216874658046382,-0.006639694797319361,-0.007522443810450239
2023-11-11,0.014568698653511243,-0.007269606549150693,-8.634035848536886e-05
2023-11-12,-0.002894920145049904,0.006853787667055141,-0.023077082943102102
2023-11-13,0.005470450563751652,0.011749506402200236,0.006224534647661823
2023-11-14,0.014203483020024301,-0.006659102666485882,-0.011330872089510289
2023-11-15,-0.03734296375250772,-0.008569161746615405,-0.005506018864962678
2023-11-16,-0.01110842599904861,-0.0037340963293882807,0.0031231615042096633
2023-11-17,0.020353541919046793,-0.00020757740149944916,-0.0006014984226091236
2023-11-18,-0.00811252075281604,-0.00963801970533524,-0.01515173940804644
2023-11-19,-0.03997174390146639,0.007707260227822124,-0.028858276988714446
2023-11-20,0.010096434254933631,-0.024442114092679657,-0.001780685280374313
2023-11-21,-0.015181023492678539,-0.00824706673134409,-0.018598765223665843
2023-11-22,-0.003347081429071122,-0.0032523212066757653,0.02906860320498494
2023-11-23,0.018050150951194527,0.011149136549985299,0.012392293265054553
2023-11-24,-0.017202718760340626,0.00707210465623361,0.033202788440132795
2023-11-25,0.0003087480338762104,0.0076699406514682536,0.013433965789988496
2023-11-26,0.019301988533426344,0.003638013433522201,0.006564836572865702
2023-11-27,0.0008837992517077201,-0.008752530279521754,-0.009924611056759104
2023-11-28,0.012415606284251094,-0.014008823789965121,-0.003585364165800165
2023-11-29,-0.002999542972738052,-0.01715054472673236,0.001954535667244683
2023-11-30,-0.0046166831156157885,0.001997755603830828,-0.011927984922388585
2023-12-01,-0.006019759867502177,0.007244177201374238,0.008026249963205612
2023-12-02,0.0014511080770651477,-0.005800915923578297,0.04224625023969982
2023-12-03,0.0034114515865090564,0.017618049108797603,-0.04388230401672025
2023-12-04,-0.03303180736123321,0.009321564354871689,0.0244141597551597
2023-12-05,0.0057637344185695,-1.170056431212489e-05,-0.0287211946269728
2023-12-06,-0.005548127059072196,0.01695878369336217,-0.008554649932591776
2023-12-07,0.0068063542884021526,0.012999192296754397,-0.025475209361356485
2023-12-08,0.025780329333336807,-0.011865647485325186,0.023142529399106358
2023-12-09,-0.0037604154633805124,-0.009922358360731609,-0.011830381567820007
2023-12-10,0.007884888879621106,0.0005644852099193099,-0.004326309101763081
2023-12-11,0.006738702648580115,0.0031242179905352804,0.026339520080443213
2023-12-12,-0.010627893872684417,0.001204263306160658,-0.014295313521064619
2023-12-13,-0.010646022310091664,-0.004118854919831605,0.005723585797241177
2023-12-14,-0.02876530340085373,0.012484244837031803,0.02257500730361714
2023-12-15,0.006311269269434068,0.01576213176096051,-0.029155855086150057
2023-12-16,0.02166621952053487,0.008849645116617053,-0.003103208940937276
2023-12-17,0.0023208027402886367,0.002507312884796849,-0.008860268025776481
2023-12-18,-0.0030049110221634836,0.001146906636683215,-0.006071684940744687
2023-12-19,-0.0020501106682916277,0.01186752481145193,0.0035861855791670455
2023-12-20,-0.012615181701378328,-0.010448221075873447,0.030055063140346325
2023-12-21,-0.0007753432782158662,-0.0072145738975540235,0.004182665358612727
2023-12-22,-0.00625371042231319,0.0023857319089470963,-0.010340196817916448
2023-12-23,-0.01527491075717409,-0.013144119024490322,0.014208620717467898
2023-12-24,0.009869136226393271,-0.012048316984291945,0.03476172223623957
2023-12-25,0.013660519858788198,0.008780122134858995,0.003977203584918079
2023-12-26,-0.010395208617583047,-0.008089468541207134,0.02379229601011789
2023-12-27,-0.00797852844133019,-0.010904849685053309,0.0057086310415515465
2023-12-28,-0.0023776214254404753,0.012463803287741335,0.016181159986220252
2023-12-29,-0.003670082620474854,-0.009827922931012109,0.00792847685169787
2023-12-30,0.03831597002044376,0.011380425305360533,0.02048322193354072
2023-12-31,-0.0038538561783699604,-0.008379314059617853,-0.022924873730246282
2024-01-01,-0.041011975470334514,0.012234272451296616,0.0027304857373453605
2024-01-02,0.03361376295638661,-0.01400757778297364,0.002109207641674635
2024-01-03,-0.016667199306221608,0.0036167481016474608,0.014139266081934197
2024-01-04,-0.02384159507865876,-0.00665331951702794,0.013624883656037898
2024-01-05,0.03173825796148518,0.014669348208282756,0.00992313335055768
2024-01-06,0.001820902551694902,-0.007453567880462878,-0.033204720476641775
2024-01-07,-0.0022438469676745432,-0.0004211567162897489,0.009062715735555685
2024-01-08,-0.006120831602393574,0.004232443979798761,-0.0138151161423274
2024-01-09,0.006740349496781008,-0.009759132152686678,0.03975451809309571
2024-01-10,-0.001964414761754364,0.01223938876650918,0.011634763392137051
2024-01-11,-0.004385397598679382,0.00011200877350609781,-0.002157212479116997
2024-01-12,-0.02009271716138129,-0.00109360577935308,-0.012014298661919165
2024-01-13,-0.020073729760576677,0.0014312425477903288,-0.017333717809889772
2024-01-14,0.01783351293584353,0.014632122529662821,-0.017273725381217787
2024-01-15,-0.02561626118061897,-0.002408017955657409,-0.006839495640530744
2024-01-16,0.0009578192406523678,-0.012938580652776753,0.01394861596915858
2024-01-17,0.0001093552258312512,0.007451511439309218,-0.00017757423668002644
2024-01-18,0.00016694375099934132,-0.0007437227348570337,-0.01186641580343146
2024-01-19,-0.009388687041210637,0.011148112798921172,0.012953579124060404
2024-01-20,0.017176670613575598,0.015067329362008375,-0.029210197441680262
2024-01-21,0.01932762838578658,-0.003792100820388787,0.0031342482071891426
2024-01-22,-0.0027526194263148033,-0.008516776956239053,0.016335851509722114
2024-01-23,0.0021541261696491846,0.0009890430992905185,-0.04355195867140699
2024-01-24,0.01477275239409164,0.002972236552284659,-0.015876511767106697
2024-01-25,-0.011265856127402638,0.00020859866087366577,0.01977411102720238
2024-01-26,-0.016784910500821027,-0.006055040383852638,0.005020790089681914
2024-01-27,-0.00392393053320384,0.0007327487289614619,-0.01926187297120725
2024-01-28,0.00725122012470563,0.004649141625744844,0.020790149245801817
2024-01-29,0.00494841724614083,-0.013923884273645763,-0.01582797387012293
2024-01-30,-0.004385709561606846,0.01223783307292809,0.018832514852796824
2024-01-31,-0.030364381011289864,-0.0004891340458690047,-0.02512794965016239
2024-02-01,-0.01411698253737294,-0.007573087502966512,0.008585489628560096
2024-02-02,0.00311313841052511,0.003924753931111909,0.0032252216473097222
2024-02-03,-0.02830921407331206,-0.005950616752819388,-0.006918532564545868
2024-02-04,-0.032257771124936704,-0.007204812420455116,0.005427624101966616
2024-02-05,-0.014141072306638717,0.0012788894251522377,-0.03399251250477298
2024-02-06,-0.012980138397331012,0.004717117412453874,-0.01634114681083428
2024-02-07,0.003563624884973063,-0.009392769609901444,-0.03591914115044472
2024-02-08,-0.009970355546527617,-0.001048084460201967,-0.006612960086298556
2024-02-09,0.005312471513599322,-0.000811364207917379,-0.004053521366480724
2024-02-10,0.007998284049505758,-0.0005687224159105337,-0.000549953710737843
2024-02-11,-0.018103144694147436,0.01197734790667277,0.016569366084465624
2024-02-12,-0.00013496346796500582,-0.004956213018925482,-0.028052207430076935
2024-02-13,0.011025985448801323,0.0075067331616079334,0.0016621899349787772
2024-02-14,0.010436958351291924,0.0002009339265975675,0.002748019162679542
2024-02-15,-0.02353336186479971,-0.008497043272890347,-0.007660185268240417
2024-02-16,0.01863801766536736,0.010684697568160309,-0.003989200594324725
2024-02-17,0.0304640675525978,0.004120001793515123,-0.013075720887555273
2024-02-18,-0.00470259456034224,0.006249581352391904,0.026811020793538264
2024-02-19,0.00878216242238011,0.01026426278900727,0.017408139770202304
2024-02-20,-0.0023073017084621213,-0.00768732924482593,0.03387931042503943
2024-02-21,-0.01679934479717332,-0.004035993875729545,0.04936245257897267
2024-02-22,0.01723988757079611,0.019967901890030827,-0.009396768481812066
2024-02-23,-0.012803466744209447,-0.0006467337413172683,0.0006575490663208178
2024-02-24,-0.016317194480277606,0.0025189112200318543,-0.026489238379972163
2024-02-25,-0.021598451477304343,0.018232800160692217,0.026818682644856963
2024-02-26,-0.01229064378328782,0.00951110784495252,0.029307951334388915
2024-02-27,-0.016163984335153113,-0.007723053338319899,-0.013438747420449697
2024-02-28,0.010545751570601614,-0.010379219554184069,0.01909484924383069
2024-02-29,0.006690022316354412,-0.01065787454673972,0.027770766562013004
2024-03-01,0.0014198617369569184,-0.013564684121329131,-0.03257114671028968
2024-03-02,0.014940877142908628,0.008060585169071759,-0.014434491295188333
2024-03-03,0.00339788123173889,0.000186643750017824,-0.029064428063055148
2024-03-04,-0.0064556157507327004,-0.007482547737810811,-0.014420629483933743
2024-03-05,0.01799120769995614,0.002923575625172893,0.023790864947410603
2024-03-06,0.00923554259391355,0.004313493026428608,-0.0005984106769035815
2024-03-07,-0.022065207529655715,-0.008341420895282947,-0.003983960048616849
2024-03-08,0.014765917872656145,0.010132345045399456,0.014196730905513153
2024-03-09,-0.005563079158318767,-0.0028604413625062043,0.019167214321239193
2024-03-10,-0.008337674877562777,-0.011038993975362373,0.03529397822389445
2024-03-11,0.02978552341174246,-0.0103064140882979,-0.029887823103415655
2024-03-12,-0.007334640065732908,-0.02022638789836999,0.014838095953812526
2024-03-13,-0.018438783290861235,-0.017754029679239943,-0.01978546355869812
2024-03-14,0.017437174991396142,0.003763990532751092,-0.0034897869812948092
2024-03-15,0.018572217744098205,-0.0019422918253713178,-0.01031093111848019
2024-03-16,0.0057384594315683865,0.0022384096254397727,0.004564698398543682
2024-03-17,-0.01565966447619744,0.0036710776740847017,0.007853807950335542
2024-03-18,0.010265271209092366,-0.013007503083475851,-0.007812043090964584
2024-03-19,-0.011194816983720586,-0.008202000150678788,0.003481381475817775
2024-03-20,0.037312872676535484,0.009487220047267259,-0.05573897711498997
2024-03-21,-0.0006608324596080795,0.014201701976169765,-0.013841822307954279
2024-03-22,-0.01479091747068379,0.007388844304290713,0.02905080646567798
2024-03-23,-0.029808382216298508,-0.007707464146677501,0.008564250493966698
2024-03-24,0.0009484351656939609,-0.008669916908155492,-0.013098807826922304
2024-03-25,0.0019305263462123167,-0.012537634687074906,0.004994364379143643
2024-03-26,0.01807195012979146,0.005887241981274083,0.04782755269873713
2024-03-27,0.0021918156429951248,0.012575534977069196,0.002917863826122358
2024-03-28,-0.010718543568199866,0.023816689308149216,0.007558488725674091
2024-03-29,-0.042047541718613704,0.0025804555186933163,0.024283012314109065
2024-03-30,-0.005095863458803574,-0.009735306033396998,-0.004391378905463258
2024-03-31,-0.002877723014112894,0.017056505332688997,0.03146091685815609
2024-04-01,-0.019860679744774755,0.0011603874120015216,-0.020301139814065682
2024-04-02,0.02419519439435601,0.008707237923606831,-0.005140897437114177
2024-04-03,-0.029409720078532552,0.01148992085007962,0.04816564772542017
2024-04-04,-0.013333824660524638,0.021229908621165042,0.016843723918542254
2024-04-05,0.012659646559931391,-0.0056101338574553825,-0.009690472622828756
2024-04-06,-0.01043500934029815,0.011846361332799534,0.035192351874845026
2024-04-07,-0.02462394815842669,0.006596118063365329,-0.018098886564429238
2024-04-08,-0.0226245900567525,0.008531546335321142,-0.0023805956523507035
2024-04-09,0.008445121200941909,-0.012596281056823606,-0.013084971733795145
2024-04-10,0.015282443135069854,0.009925740593055099,0.0010038450474836344
2024-04-11,0.03324789452692729,-0.0023581424999205305,-0.004666294303791823
2024-04-12,-0.011728982374945861,-0.0005654508572515237,-0.012702274015450021
2024-04-13,-0.0019003342771524896,0.0023454915903983286,-0.01576425350939608
2024-04-14,-0.00521870717346457,0.004076318669229339,-0.006698509562005939
2024-04-15,0.017653232830170514,-0.010555422389938892,-0.022658719764280622
2024-04-16,0.003862719517174269,0.0074421498298111255,-0.015879953300417766
2024-04-17,0.025206293856414163,-0.004427601941613777,0.03217187578001825
2024-04-18,0.017424652768840566,0.006974492103772087,-0.021675168728123615
2024-04-19,-0.01695736263763087,0.007465833245120998,-0.00030839671471611155
2024-04-20,0.0017583108516633467,0.003471725799462483,-0.019554253631080036
2024-04-21,0.022908733624634844,-0.007120244540400944,0.018465129350101816
2024-04-22,0.008284779198270364,-0.0021207024033457916,-0.022951605773905936
2024-04-23,0.0065543208766313706,-0.0010214535583599066,-0.017025178071436897
2024-04-24,0.012722006448032659,0.011110868526002616,-0.0008778259880162732
2024-04-25,-0.031659598448073145,-0.004851935148668373,0.009687921488043028
2024-04-26,-0.01651093958175647,-0.001148503437413162,0.008405429790877257
2024-04-27,-0.02388070908855446,0.00039291149846046905,-0.012339845879330867
2024-04-28,0.013356955216579513,-0.0108234660011206,-0.007282171258534574
2024-04-29,-0.013809127047077418,0.011519728835739745,-0.006275716119965349
2024-04-30,0.009835838516152313,-0.011652036435614983,0.022784345259696574
2024-05-01,-0.008147281291015416,-0.009396054342450126,0.017273958948484908
2024-05-02,0.020648077965615654,0.008855534625978918,0.0066188764575131585
2024-05-03,-0.0007791177963175669,-0.0020000875269956357,0.0052581824088101204
2024-05-04,0.003531146997090841,-0.011730049322631171,0.0015325489343294785
2024-05-05,0.027428926579018617,-0.011463170225010507,-0.01663796828310177
2024-05-06,-0.00023220071546133393,-0.00470199567946477,0.005781465105203692
2024-05-07,0.0055381671716765064,0.0026765823959354483,-0.004501236083020327
2024-05-08,0.014808214408681708,0.007062492930723278,-0.006872444006662276
2024-05-09,-0.006269590119124457,-0.010981597636872864,0.004864774984783923
2024-05-10,-0.002744266003020127,-0.010221044588660735,-0.015188398915317163
2024-05-11,0.01186997302720099,-0.004165890818760906,-0.031615835103872766
2024-05-12,0.010709521716151627,-0.00576897298652685,-0.023200991729956554
2024-05-13,0.0046251737792267515,-0.012382202428843681,0.03241029742182982
2024-05-14,-0.019656493861725837,0.005950229715541789,0.005623506663661149
2024-05-15,0.009384055388112633,-0.008946441513007171,0.00704164436580885
2024-05-16,-0.004184680418260786,-0.015324239331358415,0.003554884696197081
2024-05-17,0.02457868966627615,-0.009687097529349358,-0.010287006157111265
2024-05-18,0.024683308427567732,-0.0034795008970767926,-0.001574288256606175
2024-05-19,0.013738567430764062,-0.007471633388690373,0.00548122212961874
2024-05-20,0.010424280946427082,0.005280903057227812,0.008694365174441738
2024-05-21,-0.0406168068329833,-0.010754900621344326,0.016212901194722566
2024-05-22,-0.0411910344621973,-0.004793458054368893,-0.0024027091244373383
2024-05-23,0.015012918317108274,0.015817820357222435,0.00211737050345291
2024-05-24,-0.02371595867875082,-0.006959347072967621,0.018165579560619663
2024-05-25,-0.006747224449263992,0.017549360162335173,0.019764449872255035
2024-05-26,0.007617644402996425,-0.00245562451458904,0.00556948082714565
2024-05-27,0.024230278867282126,0.011625053357292803,0.00844054789655495
2024-05-28,0.011145877538951791,-0.008294116306379497,-0.0029554686619791366
2024-05-29,0.023201758075767666,-0.010263795513525591,0.027749112074656995
2024-05-30,-0.002033948839391508,0.007754889017540609,0.013880822510354439
2024-05-31,-0.01833125885461272,-0.022564529168700345,0.01258917917329358
2024-06-01,0.005667646107545662,0.019144994448429233,0.0008555882817437521
2024-06-02,-0.009600640438534879,-0.0034564712699067424,0.02248744286048253
2024-06-03,-0.029493961988182844,0.009973258257518477,-0.008440728073635701
2024-06-04,-0.014597694955795097,0.0012095080595390256,-0.007322848264543916
2024-06-05,-0.011847130903270602,-0.012338648765124027,-0.006399654983306539
2024-06-06,-0.0026091082059952492,-0.007380307372597777,-0.008337876378526924
2024-06-07,0.0038646629783723623,0.007839098029708877,0.005597214359341275
2024-06-08,0.0020713579674583467,0.013277481708322283,0.024836116705629668
2024-06-09,0.026333731856300918,-0.0020966876495296573,0.020761178379971965
2024-06-10,-0.007918837019637843,0.009675860891862198,-0.0014162957471297675
2024-06-11,0.0028854080827647836,-0.008725482491383513,0.03146736539800549
2024-06-12,0.016158981452135533,0.022493701140211667,-0.027076949573522826
2024-06-13,-0.016211486188046152,-0.012354489270956797,0.005117045266236727
2024-06-14,-0.025614152102760843,-0.01725310087931935,-0.00044167310443081936
2024-06-15,0.0015158297312757717,0.003734828046462218,0.001633199554678123
2024-06-16,-0.0029393557847382052,-0.0051946356997310105,0.006417080203945307
2024-06-17,0.011308591048896678,0.0034081197419939765,-0.007488410823120291
2024-06-18,0.013302804207898814,-0.003667763403253801,-0.01276941317016672
2024-06-19,0.0010812660772752819,-0.003912590822366287,0.05305134549379423
2024-06-20,-0.0006310741552609457,-0.015236993781168169,0.011177899401880994
2024-06-21,-0.0027462737839928854,-0.007351004312283409,-0.018347132284340435
2024-06-22,-0.004202807816606598,0.008713041141344306,0.011937868796024398
2024-06-23,0.0005349402366723529,-0.002975754114446913,0.021771120415504597
2024-06-24,-0.0005166835435368469,0.019883360861947655,0.013179997806525526
2024-06-25,-0.001692018511736098,-0.005461793472112544,-0.01199703248885742
2024-06-26,-0.02617211033577998,-0.007424665011694226,0.0066849143013640745
2024-06-27,-0.028235756134462206,0.0027893325838253143,-0.019246201856658797
2024-06-28,-0.001545584889578465,0.002812016065384294,-0.000530993448064444
2024-06-29,0.011659068858321934,0.006601188991766289,-0.014934177976144705
2024-06-30,0.028100004829216277,-0.014406554931540735,0.023254561232513984
2024-07-01,-0.013284906715900222,0.008001740307841003,-0.022851101435352773
2024-07-02,-0.0016741189964768592,-0.0033041962991057355,0.00528466379646619
2024-07-03,0.01074325183281796,0.005550517196523704,-0.002103531250777604
2024-07-04,-0.0008011981377622278,0.002147204915842963,-0.0005927516313479783
